19thCentury 20thCentury
     8.484       8.502
     8.590       8.542
     8.578       8.304
     8.503       8.220
     8.845       8.091
     8.563       8.225
     8.434       8.379
     8.281       7.947
     7.627       8.186
     7.076       8.178
     6.923       8.223
     6.860       8.177
     7.046       8.165
     7.740       8.298
     7.592       8.591
     7.239       8.593
     6.938       8.225
     6.976       8.023
     7.829       8.131
     7.369       8.382
     7.616       8.359
     8.090       8.571
     8.188       8.408
     7.719       8.422
     8.547       8.507
     8.389       8.534
     8.357       8.729
     8.809       8.522
     8.165       8.632
     7.942       8.242
     8.517       8.634
     7.639       8.719
     7.450       8.705
     8.013       8.338
     8.147       8.628
     7.392       8.516
     7.696       8.554
     7.376       8.698
     7.515       8.864
     7.632       8.760
     7.796       8.765
     7.688       8.769
     8.023       8.728
     8.174       8.755
     7.646       8.845
     7.851       8.585
     8.553       8.677
     8.086       8.797
     7.980       8.747
     7.984       8.587
     7.901       8.365
     8.179       8.626
     8.100       8.638
     8.042       8.874
     8.210       8.561
     8.111       8.626
     7.996       8.280
     7.758       8.732
     8.100       8.774
     8.252       8.733
     7.961       8.584
     7.847       8.798
     7.559       8.746
     8.112       8.856
     7.984       8.410
     8.178       8.527
     8.292       8.599
     8.436       8.700
     8.248       8.516
     8.432       8.595
     8.201       8.701
     8.115       8.599
     8.194       8.500
     8.351       8.948
     8.434       8.467
     7.860       8.745
     8.080       8.347
     8.540       8.850
     8.830       8.693
     8.166       8.733
     8.119       8.980
     8.271       9.166
     8.129       8.639
     7.977       9.028
     7.774       8.692
     7.920       8.658
     7.954       8.834
     7.915       8.994
     8.091       9.202
     8.319       8.922
     7.972       9.234
     8.019       9.179
     8.066       8.837
     8.057       8.867
     8.161       9.039
     8.147       9.347
     8.215       9.039
     8.293       9.203
     8.178       9.523
     8.396       9.285
